t,value
1617102721,0
1617103021,0
1617103035,0
1617103035,0
